{
  "labels": [
    "k=1",
    "k=2",
    "k=3",
    "k=4",
    "k=5",
    "k=6",
    "k=7",
    "k=8"
  ],
  "random_baselines": {
    "top1": 0.0312,
    "spearman": 0.0
  },
  "fixed_step": {
    "top1_agreement": [
      [
        1.0,
        0.2284,
        0.2278,
        0.2285,
        0.2294,
        0.2308,
        0.2317,
        0.2313
      ],
      [
        0.2284,
        1.0,
        0.4842,
        0.4574,
        0.4396,
        0.4282,
        0.42,
        0.4159
      ],
      [
        0.2278,
        0.4842,
        1.0,
        0.544,
        0.517,
        0.4998,
        0.4886,
        0.477
      ],
      [
        0.2285,
        0.4574,
        0.544,
        1.0,
        0.5796,
        0.5589,
        0.5401,
        0.5262
      ],
      [
        0.2294,
        0.4396,
        0.517,
        0.5796,
        1.0,
        0.6069,
        0.5884,
        0.5673
      ],
      [
        0.2308,
        0.4282,
        0.4998,
        0.5589,
        0.6069,
        1.0,
        0.6309,
        0.6107
      ],
      [
        0.2317,
        0.42,
        0.4886,
        0.5401,
        0.5884,
        0.6309,
        1.0,
        0.6445
      ],
      [
        0.2313,
        0.4159,
        0.477,
        0.5262,
        0.5673,
        0.6107,
        0.6445,
        1.0
      ]
    ],
    "nestedness": [
      [
        1.0,
        0.3572,
        0.4537,
        0.5324,
        0.5966,
        0.651,
        0.6956,
        0.7316
      ],
      [
        0.3572,
        1.0,
        0.6276,
        0.6902,
        0.7402,
        0.7785,
        0.8107,
        0.8371
      ],
      [
        0.4537,
        0.6276,
        1.0,
        0.6889,
        0.7416,
        0.7806,
        0.8138,
        0.8393
      ],
      [
        0.5324,
        0.6902,
        0.6889,
        1.0,
        0.7292,
        0.7745,
        0.8091,
        0.8353
      ],
      [
        0.5966,
        0.7402,
        0.7416,
        0.7292,
        1.0,
        0.7601,
        0.8005,
        0.8296
      ],
      [
        0.651,
        0.7785,
        0.7806,
        0.7745,
        0.7601,
        1.0,
        0.7863,
        0.8209
      ],
      [
        0.6956,
        0.8107,
        0.8138,
        0.8091,
        0.8005,
        0.7863,
        1.0,
        0.8042
      ],
      [
        0.7316,
        0.8371,
        0.8393,
        0.8353,
        0.8296,
        0.8209,
        0.8042,
        1.0
      ]
    ],
    "spearman": [
      [
        1.0,
        0.5602,
        0.5547,
        0.5582,
        0.5613,
        0.5638,
        0.5656,
        0.5648
      ],
      [
        0.5602,
        1.0,
        0.7441,
        0.7313,
        0.7227,
        0.7163,
        0.7111,
        0.706
      ],
      [
        0.5547,
        0.7441,
        1.0,
        0.7892,
        0.7772,
        0.7665,
        0.7595,
        0.7503
      ],
      [
        0.5582,
        0.7313,
        0.7892,
        1.0,
        0.8172,
        0.8057,
        0.7962,
        0.7854
      ],
      [
        0.5613,
        0.7227,
        0.7772,
        0.8172,
        1.0,
        0.8356,
        0.8257,
        0.8144
      ],
      [
        0.5638,
        0.7163,
        0.7665,
        0.8057,
        0.8356,
        1.0,
        0.8516,
        0.8407
      ],
      [
        0.5656,
        0.7111,
        0.7595,
        0.7962,
        0.8257,
        0.8516,
        1.0,
        0.86
      ],
      [
        0.5648,
        0.706,
        0.7503,
        0.7854,
        0.8144,
        0.8407,
        0.86,
        1.0
      ]
    ],
    "nestedness_excess": [
      [
        0.0,
        0.2947,
        0.3599,
        0.4074,
        0.4404,
        0.4635,
        0.4768,
        0.4816
      ],
      [
        0.2947,
        0.0,
        0.5339,
        0.5652,
        0.5839,
        0.591,
        0.5919,
        0.5871
      ],
      [
        0.3599,
        0.5339,
        0.0,
        0.5639,
        0.5854,
        0.5931,
        0.595,
        0.5893
      ],
      [
        0.4074,
        0.5652,
        0.5639,
        0.0,
        0.5729,
        0.587,
        0.5904,
        0.5853
      ],
      [
        0.4404,
        0.5839,
        0.5854,
        0.5729,
        0.0,
        0.5726,
        0.5817,
        0.5796
      ],
      [
        0.4635,
        0.591,
        0.5931,
        0.587,
        0.5726,
        0.0,
        0.5675,
        0.5709
      ],
      [
        0.4768,
        0.5919,
        0.595,
        0.5904,
        0.5817,
        0.5675,
        0.0,
        0.5542
      ],
      [
        0.4816,
        0.5871,
        0.5893,
        0.5853,
        0.5796,
        0.5709,
        0.5542,
        0.0
      ]
    ],
    "mismatch_delta": [
      [
        0.0,
        -0.0049,
        0.0377,
        0.0866,
        0.141,
        0.199,
        0.2499,
        0.2996
      ],
      [
        0.2619,
        0.0,
        -0.0119,
        0.0008,
        0.03,
        0.0754,
        0.1251,
        0.1781
      ],
      [
        0.5371,
        0.0457,
        0.0,
        -0.0077,
        0.0004,
        0.0167,
        0.0421,
        0.0747
      ],
      [
        0.89,
        0.1232,
        0.0233,
        0.0,
        -0.005,
        -0.0018,
        0.0087,
        0.0262
      ],
      [
        1.0692,
        0.1729,
        0.0451,
        0.0135,
        0.0,
        -0.003,
        0.0007,
        0.0074
      ],
      [
        1.2434,
        0.2407,
        0.0721,
        0.0264,
        0.0088,
        0.0,
        -0.0024,
        -0.0007
      ],
      [
        1.3765,
        0.2841,
        0.0929,
        0.0354,
        0.0147,
        0.0047,
        0.0,
        -0.0019
      ],
      [
        1.5073,
        0.3626,
        0.1288,
        0.0566,
        0.0291,
        0.0158,
        0.006,
        0.0
      ]
    ],
    "asymmetry": [
      [
        0.0,
        -0.2668,
        -0.4994,
        -0.8034,
        -0.9282,
        -1.0444,
        -1.1266,
        -1.2077
      ],
      [
        0.2668,
        0.0,
        -0.0576,
        -0.1224,
        -0.1429,
        -0.1653,
        -0.159,
        -0.1845
      ],
      [
        0.4994,
        0.0576,
        0.0,
        -0.031,
        -0.0447,
        -0.0554,
        -0.0508,
        -0.0541
      ],
      [
        0.8034,
        0.1224,
        0.031,
        0.0,
        -0.0185,
        -0.0282,
        -0.0267,
        -0.0304
      ],
      [
        0.9282,
        0.1429,
        0.0447,
        0.0185,
        0.0,
        -0.0118,
        -0.014,
        -0.0217
      ],
      [
        1.0444,
        0.1653,
        0.0554,
        0.0282,
        0.0118,
        0.0,
        -0.0071,
        -0.0165
      ],
      [
        1.1266,
        0.159,
        0.0508,
        0.0267,
        0.014,
        0.0071,
        0.0,
        -0.0079
      ],
      [
        1.2077,
        0.1845,
        0.0541,
        0.0304,
        0.0217,
        0.0165,
        0.0079,
        0.0
      ]
    ]
  },
  "same_compute": {
    "top1_agreement": [
      [
        1.0,
        0.1511,
        0.1569,
        0.159,
        0.1608,
        0.1627,
        0.1624,
        0.1633
      ],
      [
        0.1511,
        1.0,
        0.4446,
        0.4256,
        0.4158,
        0.4086,
        0.4018,
        0.4002
      ],
      [
        0.1569,
        0.4446,
        1.0,
        0.5274,
        0.5094,
        0.4922,
        0.4842,
        0.4754
      ],
      [
        0.159,
        0.4256,
        0.5274,
        1.0,
        0.5834,
        0.5616,
        0.5467,
        0.5333
      ],
      [
        0.1608,
        0.4158,
        0.5094,
        0.5834,
        1.0,
        0.6295,
        0.6093,
        0.5912
      ],
      [
        0.1627,
        0.4086,
        0.4922,
        0.5616,
        0.6295,
        1.0,
        0.6603,
        0.6446
      ],
      [
        0.1624,
        0.4018,
        0.4842,
        0.5467,
        0.6093,
        0.6603,
        1.0,
        0.695
      ],
      [
        0.1633,
        0.4002,
        0.4754,
        0.5333,
        0.5912,
        0.6446,
        0.695,
        1.0
      ]
    ],
    "nestedness": [
      [
        1.0,
        0.2505,
        0.3436,
        0.419,
        0.4824,
        0.5393,
        0.5885,
        0.6345
      ],
      [
        0.2505,
        1.0,
        0.5841,
        0.6545,
        0.7112,
        0.754,
        0.7898,
        0.8213
      ],
      [
        0.3436,
        0.5841,
        1.0,
        0.672,
        0.7326,
        0.7732,
        0.8102,
        0.8395
      ],
      [
        0.419,
        0.6545,
        0.672,
        1.0,
        0.7325,
        0.7793,
        0.8144,
        0.8435
      ],
      [
        0.4824,
        0.7112,
        0.7326,
        0.7325,
        1.0,
        0.7766,
        0.8169,
        0.8481
      ],
      [
        0.5393,
        0.754,
        0.7732,
        0.7793,
        0.7766,
        1.0,
        0.8086,
        0.8454
      ],
      [
        0.5885,
        0.7898,
        0.8102,
        0.8144,
        0.8169,
        0.8086,
        1.0,
        0.8379
      ],
      [
        0.6345,
        0.8213,
        0.8395,
        0.8435,
        0.8481,
        0.8454,
        0.8379,
        1.0
      ]
    ],
    "spearman": [
      [
        1.0,
        0.4126,
        0.4271,
        0.4385,
        0.4452,
        0.4506,
        0.4528,
        0.4569
      ],
      [
        0.4126,
        1.0,
        0.6948,
        0.6892,
        0.6862,
        0.6814,
        0.6772,
        0.6758
      ],
      [
        0.4271,
        0.6948,
        1.0,
        0.7727,
        0.7661,
        0.7567,
        0.7509,
        0.7462
      ],
      [
        0.4385,
        0.6892,
        0.7727,
        1.0,
        0.8202,
        0.81,
        0.8005,
        0.7936
      ],
      [
        0.4452,
        0.6862,
        0.7661,
        0.8202,
        1.0,
        0.8509,
        0.8412,
        0.8339
      ],
      [
        0.4506,
        0.6814,
        0.7567,
        0.81,
        0.8509,
        1.0,
        0.8716,
        0.8654
      ],
      [
        0.4528,
        0.6772,
        0.7509,
        0.8005,
        0.8412,
        0.8716,
        1.0,
        0.8916
      ],
      [
        0.4569,
        0.6758,
        0.7462,
        0.7936,
        0.8339,
        0.8654,
        0.8916,
        1.0
      ]
    ],
    "nestedness_excess": [
      [
        0.0,
        0.188,
        0.2499,
        0.294,
        0.3261,
        0.3518,
        0.3698,
        0.3845
      ],
      [
        0.188,
        0.0,
        0.4903,
        0.5295,
        0.555,
        0.5665,
        0.571,
        0.5713
      ],
      [
        0.2499,
        0.4903,
        0.0,
        0.547,
        0.5764,
        0.5857,
        0.5915,
        0.5895
      ],
      [
        0.294,
        0.5295,
        0.547,
        0.0,
        0.5763,
        0.5918,
        0.5957,
        0.5935
      ],
      [
        0.3261,
        0.555,
        0.5764,
        0.5763,
        0.0,
        0.5891,
        0.5981,
        0.5981
      ],
      [
        0.3518,
        0.5665,
        0.5857,
        0.5918,
        0.5891,
        0.0,
        0.5898,
        0.5954
      ],
      [
        0.3698,
        0.571,
        0.5915,
        0.5957,
        0.5981,
        0.5898,
        0.0,
        0.5879
      ],
      [
        0.3845,
        0.5713,
        0.5895,
        0.5935,
        0.5981,
        0.5954,
        0.5879,
        0.0
      ]
    ],
    "mismatch_delta": [
      [
        0.0,
        -0.0117,
        -0.0022,
        0.0192,
        0.0458,
        0.0724,
        0.0976,
        0.1243
      ],
      [
        0.226,
        0.0,
        -0.0124,
        -0.0051,
        0.0103,
        0.0328,
        0.0612,
        0.0932
      ],
      [
        0.5372,
        0.0488,
        0.0,
        -0.0077,
        -0.0041,
        0.01,
        0.0308,
        0.0577
      ],
      [
        0.89,
        0.1232,
        0.0233,
        0.0,
        -0.005,
        -0.0018,
        0.0087,
        0.0262
      ],
      [
        1.1228,
        0.2017,
        0.0548,
        0.0161,
        0.0,
        -0.004,
        -0.0024,
        0.0042
      ],
      [
        1.3385,
        0.2885,
        0.0979,
        0.0351,
        0.0114,
        0.0,
        -0.0039,
        -0.0018
      ],
      [
        1.5175,
        0.3694,
        0.1321,
        0.0559,
        0.0236,
        0.0084,
        0.0,
        -0.0014
      ],
      [
        1.6131,
        0.4229,
        0.157,
        0.0756,
        0.0401,
        0.0195,
        0.007,
        0.0
      ]
    ],
    "asymmetry": [
      [
        0.0,
        -0.2377,
        -0.5394,
        -0.8708,
        -1.077,
        -1.2661,
        -1.4199,
        -1.4888
      ],
      [
        0.2377,
        0.0,
        -0.0612,
        -0.1283,
        -0.1914,
        -0.2557,
        -0.3082,
        -0.3297
      ],
      [
        0.5394,
        0.0612,
        0.0,
        -0.031,
        -0.0589,
        -0.0879,
        -0.1013,
        -0.0993
      ],
      [
        0.8708,
        0.1283,
        0.031,
        0.0,
        -0.0211,
        -0.0369,
        -0.0472,
        -0.0494
      ],
      [
        1.077,
        0.1914,
        0.0589,
        0.0211,
        0.0,
        -0.0154,
        -0.026,
        -0.0359
      ],
      [
        1.2661,
        0.2557,
        0.0879,
        0.0369,
        0.0154,
        0.0,
        -0.0123,
        -0.0213
      ],
      [
        1.4199,
        0.3082,
        0.1013,
        0.0472,
        0.026,
        0.0123,
        0.0,
        -0.0084
      ],
      [
        1.4888,
        0.3297,
        0.0993,
        0.0494,
        0.0359,
        0.0213,
        0.0084,
        0.0
      ]
    ]
  }
}