<!DOCTYPE html>
<html lang="ko">
<head>
  <meta charset="utf-8">
  <meta name="viewport" content="width=device-width, initial-scale=1.0">
  <title>MoE Top-k Routing — 발표자료</title>
  <script src="https://cdn.plot.ly/plotly-2.35.2.min.js"></script>
  <style>
    :root {
      --bg: #0f1117;
      --surface: #1a1d27;
      --surface2: #242836;
      --text: #e8eaed;
      --muted: #9aa0a6;
      --accent: #e74c3c;
      --accent2: #3498db;
      --green: #2ecc71;
      --border: #2d3348;
      --sidebar-w: 240px;
    }
    * { box-sizing: border-box; margin: 0; padding: 0; }
    html { scroll-behavior: smooth; }
    body {
      font-family: "Segoe UI", "Malgun Gothic", sans-serif;
      background: var(--bg);
      color: var(--text);
      line-height: 1.6;
    }
    nav {
      position: fixed; top: 0; left: 0; width: var(--sidebar-w); height: 100vh;
      background: var(--surface); border-right: 1px solid var(--border);
      padding: 1.2rem 0; overflow-y: auto; z-index: 100;
    }
    nav .logo { padding: 0 1.2rem 1rem; font-size: 0.85rem; font-weight: 700; color: var(--accent2); border-bottom: 1px solid var(--border); margin-bottom: 0.8rem; }
    nav a {
      display: block; padding: 0.45rem 1.2rem; color: var(--muted); text-decoration: none; font-size: 0.82rem;
      border-left: 3px solid transparent;
    }
    nav a:hover, nav a.active { color: var(--text); background: var(--surface2); border-left-color: var(--accent2); }
    nav .nav-group { padding: 0.6rem 1.2rem 0.25rem; font-size: 0.68rem; text-transform: uppercase; letter-spacing: 0.06em; color: #666; }
    main { margin-left: var(--sidebar-w); padding: 2rem 2.5rem 4rem; max-width: 1400px; }
    .hero {
      background: linear-gradient(135deg, #1a1d27 0%, #2c3e50 100%);
      border-radius: 12px; padding: 2.5rem 3rem; margin-bottom: 2.5rem;
      border: 1px solid var(--border);
    }
    .hero h1 { font-size: 2rem; margin-bottom: 0.5rem; }
    .hero .sub { color: var(--muted); font-size: 1.05rem; max-width: 720px; }
    .hero .meta { margin-top: 1.2rem; font-size: 0.85rem; color: #777; }
    section { margin-bottom: 3rem; }
    h2 {
      font-size: 1.45rem; margin-bottom: 0.6rem; padding-bottom: 0.4rem;
      border-bottom: 2px solid var(--accent2); display: inline-block;
    }
    h3 { font-size: 1.05rem; margin: 1.2rem 0 0.5rem; color: var(--accent2); }
    p, li { color: #ccc; font-size: 0.95rem; }
    ul { padding-left: 1.3rem; margin: 0.5rem 0; }
    li { margin-bottom: 0.35rem; }
    .card {
      background: var(--surface); border: 1px solid var(--border);
      border-radius: 10px; padding: 1.4rem 1.6rem; margin-top: 1rem;
    }
    .card-grid { display: grid; grid-template-columns: repeat(auto-fit, minmax(280px, 1fr)); gap: 1rem; margin-top: 1rem; }
    .stat { background: var(--surface2); border-radius: 8px; padding: 1rem 1.2rem; }
    .stat .val { font-size: 1.6rem; font-weight: 700; color: var(--accent); }
    .stat .lbl { font-size: 0.78rem; color: var(--muted); margin-top: 0.2rem; }
    table { width: 100%; border-collapse: collapse; font-size: 0.85rem; margin-top: 0.8rem; }
    th { background: var(--surface2); text-align: left; padding: 0.5rem 0.7rem; color: var(--muted); font-weight: 600; }
    td { padding: 0.45rem 0.7rem; border-bottom: 1px solid var(--border); }
    td.num { text-align: right; font-variant-numeric: tabular-nums; }
    .heatmap-block { margin-top: 2rem; }
    .heatmap-block .desc { color: var(--muted); font-size: 0.88rem; margin: 0.4rem 0 0.8rem; max-width: 900px; }
    .heatmap-row { display: grid; grid-template-columns: 1fr 1fr; gap: 1rem; }
    @media (max-width: 1100px) { .heatmap-row { grid-template-columns: 1fr; } nav { display: none; } main { margin-left: 0; } }
    .plot-box {
      background: #fff; border-radius: 8px; overflow: hidden;
      min-height: 480px; border: 1px solid var(--border);
    }
    .plot-label { font-size: 0.8rem; color: var(--muted); text-align: center; margin-bottom: 0.4rem; font-weight: 600; }
    .guide {
      background: #1e2433; border-left: 4px solid var(--accent2);
      padding: 0.9rem 1.1rem; margin-top: 0.8rem; border-radius: 0 8px 8px 0; font-size: 0.88rem;
    }
    .guide strong { color: var(--accent2); }
    .guide ul { margin-top: 0.4rem; }
    .figure-full img {
      width: 100%; border-radius: 8px; border: 1px solid var(--border);
      cursor: zoom-in; background: #fff;
    }
    .figure-full .caption { font-size: 0.82rem; color: var(--muted); margin-top: 0.5rem; }
    .levels {
      text-align: center; font-size: 1rem; padding: 1rem;
      background: var(--surface2); border-radius: 8px; margin: 1rem 0;
    }
    .levels span { display: inline-block; margin: 0 0.3rem; padding: 0.2rem 0.5rem; border-radius: 4px; }
    .l-rand { background: #333; color: #aaa; }
    .l-cross { background: #444; color: #bbb; }
    .l-same { background: #1a5276; color: #aed6f1; }
    .l-oracle { background: #1e8449; color: #abebc6; }
    .takeaway {
      background: linear-gradient(135deg, #1a2744, #2c1a1a);
      border: 1px solid var(--accent); border-radius: 12px;
      padding: 2rem; font-size: 1.05rem; line-height: 1.7;
    }
    .takeaway em { color: var(--accent); font-style: normal; font-weight: 700; }
    #lightbox {
      display: none; position: fixed; inset: 0; background: rgba(0,0,0,0.92);
      z-index: 999; align-items: center; justify-content: center; cursor: zoom-out;
    }
    #lightbox.open { display: flex; }
    #lightbox img { max-width: 96vw; max-height: 96vh; border-radius: 6px; }
    .tag { display: inline-block; background: var(--accent2); color: #fff; font-size: 0.72rem; padding: 0.15rem 0.5rem; border-radius: 4px; margin-left: 0.3rem; vertical-align: middle; }
  </style>
</head>
<body>
  <nav>
    <div class="logo">MoE Top-k<br>Routing 실험</div>
    <a href="#intro">개요</a>
    <a href="#design">실험 설계</a>
    <div class="nav-group">히트맵 Atlas</div>
    <a href="#hm-mismatch">Mismatch Δloss</a>
    <a href="#hm-asymmetry">Asymmetry</a>
    <a href="#hm-top1">Top-1 Agreement</a>
    <a href="#hm-nestedness">Nestedness</a>
    <a href="#hm-spearman">Spearman</a>
    <a href="#hm-excess">Nestedness Excess</a>
    <div class="nav-group">복합 차트</div>
    <a href="#fig-asym-ci">Asymmetry CI</a>
    <a href="#fig-noise">Noise Floor</a>
    <a href="#fig-loss">Matched Loss</a>
    <div class="nav-group">결론</div>
    <a href="#evidence">Evidence</a>
    <a href="#takeaway">Takeaway</a>
  </nav>

  <main>
    <div class="hero" id="intro">
      <h1>MoE Top-k Routing 실험</h1>
      <p class="sub">Train-time k와 Inference-time k 불일치가 routing structure와 validation loss에 미치는 영향 — Sparse32 TinyMoE, 8 seeds, two-budget 설계</p>
      <p class="meta">Fixed-step (1500 steps) · Same-compute (k×step) · 512 runs · RTX 3080 Ti</p>
    </div>

    <section id="design">
      <h2>Research Questions &amp; Setup</h2>
      <div class="card-grid">
        <div class="card"><strong>(a)</strong> k<sub>train</sub>≠k<sub>infer</sub>일 때 routing은 얼마나 diverge?<br><strong>(b)</strong> loss 영향의 크기와 <em>방향</em>?<br><strong>(c)</strong> training stochasticity를 초과하는 k 효과?</div>
        <div class="card">TinyMoE 8L · 32 experts · d=192<br>k∈{1..8} grid · 8 seeds<br>합성 7-category 데이터</div>
      </div>
      <div class="levels">
        <span class="l-rand">random 0.031</span> ≈
        <span class="l-cross">cross-seed 0.031</span> ≪
        <span class="l-same">same-seed across-k 0.15–0.70</span> ≪
        <span class="l-oracle">oracle 1.0</span>
      </div>
      <div class="card-grid" style="margin-top:1rem">
        <div class="stat"><div class="val">+1.507</div><div class="lbl">k=8→1 mismatch (fixed-step)</div></div>
        <div class="stat"><div class="val">8/8</div><div class="lbl">seeds hi→lo &gt; lo→hi</div></div>
        <div class="stat"><div class="val">5–22×</div><div class="lbl">top1 above random</div></div>
        <div class="stat"><div class="val">0.30–0.85</div><div class="lbl">oracle gap (priority 재구성)</div></div>
      </div>
    </section>

    <!-- HEATMAP SECTIONS rendered by JS -->
    <section id="heatmap-atlas"><h2>Interactive Heatmap Atlas</h2>
      <p style="color:var(--muted);font-size:0.9rem;margin-bottom:1.5rem">각 셀에 수치 표시 · hover로 정확한 값 확인 · Fixed-step / Same-compute 나란히 비교</p>
      <div id="heatmap-sections"></div>
    </section>

    <section id="fig-asym-ci" class="figure-full">
      <h2>Asymmetry by K-gap — 95% CI vs Linear</h2>
      <img src="../results/report_figures/03_asymmetry_gap_ci.png" alt="Asymmetry CI" onclick="openLightbox(this.src)">
      <p class="caption">빨강=hi→lo, 파랑=lo→hi | 파란선=|asymmetry|+CI | 회색점선=gap=1 선형 외삽 · gap=7에서 CI lower &gt; linear</p>
    </section>

    <section id="fig-noise" class="figure-full">
      <h2>Noise Floor — Adjacent-k (gap=1)</h2>
      <img src="../results/report_figures/04_noise_floor_direction.png" alt="Noise floor" onclick="openLightbox(this.src)">
      <p class="caption">hi→lo SNR 3–15 (STRONG) · lo→hi SNR &lt;2 (noise) · "인접 k 안전"은 lo→hi에만 해당</p>
    </section>

    <section id="fig-loss" class="figure-full">
      <h2>Matched Inference Loss by k</h2>
      <img src="../results/report_figures/06_matched_loss_comparison.png" alt="Matched loss" onclick="openLightbox(this.src)">
      <p class="caption">k=4 교차점 · k=8 matched(0.384) &lt; k=1(0.447) 이지만 k=8→1 mismatch +1.507</p>
    </section>

    <section id="evidence">
      <h2>Evidence Summary</h2>
      <div class="card">
        <table>
          <tr><th>Claim</th><th>강도</th><th>핵심 수치</th></tr>
          <tr><td>k가 routing priority 재구성</td><td class="num" style="color:var(--green)">강함</td><td>oracle gap 0.30–0.85</td></tr>
          <tr><td>hi→lo &gt; lo→hi</td><td class="num" style="color:var(--accent)">가장 강함</td><td>8/8 unanimity, 5–13×</td></tr>
          <tr><td>k=8→1 mismatch</td><td class="num" style="color:var(--green)">강함</td><td>+1.507 / +1.613</td></tr>
          <tr><td>nestedness excess</td><td class="num" style="color:var(--green)">중간-강함</td><td>+0.19 – +0.59 above b/E</td></tr>
          <tr><td>lo→hi gap=1 safe</td><td>중간</td><td>SNR &lt; 2</td></tr>
          <tr><td>two-budget 재현</td><td class="num" style="color:var(--green)">강함</td><td>방향 동일</td></tr>
        </table>
      </div>
    </section>

    <section id="takeaway">
      <h2>Takeaway</h2>
      <div class="takeaway">
        <p><em>High-k로 학습한 MoE를 low-k로 추론(hi→lo)하면 validation loss가 크게 악화된다.</em></p>
        <p style="margin-top:0.8rem">k=8 matched loss(0.384)가 k=1(0.447)보다 낮아도, k=8→1 mismatch는 <em>+1.507</em>. 이 비대칭성은 fixed-step · same-compute 두 budget, 8 seeds 모두에서 재현.</p>
      </div>
    </section>
  </main>

  <div id="lightbox" onclick="closeLightbox()"><img id="lightbox-img" src="" alt=""></div>

  <script id="heatmap-data" type="application/json">{
  "labels": [
    "k=1",
    "k=2",
    "k=3",
    "k=4",
    "k=5",
    "k=6",
    "k=7",
    "k=8"
  ],
  "random_baselines": {
    "top1": 0.0312,
    "spearman": 0.0
  },
  "fixed_step": {
    "top1_agreement": [
      [
        1.0,
        0.2284,
        0.2278,
        0.2285,
        0.2294,
        0.2308,
        0.2317,
        0.2313
      ],
      [
        0.2284,
        1.0,
        0.4842,
        0.4574,
        0.4396,
        0.4282,
        0.42,
        0.4159
      ],
      [
        0.2278,
        0.4842,
        1.0,
        0.544,
        0.517,
        0.4998,
        0.4886,
        0.477
      ],
      [
        0.2285,
        0.4574,
        0.544,
        1.0,
        0.5796,
        0.5589,
        0.5401,
        0.5262
      ],
      [
        0.2294,
        0.4396,
        0.517,
        0.5796,
        1.0,
        0.6069,
        0.5884,
        0.5673
      ],
      [
        0.2308,
        0.4282,
        0.4998,
        0.5589,
        0.6069,
        1.0,
        0.6309,
        0.6107
      ],
      [
        0.2317,
        0.42,
        0.4886,
        0.5401,
        0.5884,
        0.6309,
        1.0,
        0.6445
      ],
      [
        0.2313,
        0.4159,
        0.477,
        0.5262,
        0.5673,
        0.6107,
        0.6445,
        1.0
      ]
    ],
    "nestedness": [
      [
        1.0,
        0.3572,
        0.4537,
        0.5324,
        0.5966,
        0.651,
        0.6956,
        0.7316
      ],
      [
        0.3572,
        1.0,
        0.6276,
        0.6902,
        0.7402,
        0.7785,
        0.8107,
        0.8371
      ],
      [
        0.4537,
        0.6276,
        1.0,
        0.6889,
        0.7416,
        0.7806,
        0.8138,
        0.8393
      ],
      [
        0.5324,
        0.6902,
        0.6889,
        1.0,
        0.7292,
        0.7745,
        0.8091,
        0.8353
      ],
      [
        0.5966,
        0.7402,
        0.7416,
        0.7292,
        1.0,
        0.7601,
        0.8005,
        0.8296
      ],
      [
        0.651,
        0.7785,
        0.7806,
        0.7745,
        0.7601,
        1.0,
        0.7863,
        0.8209
      ],
      [
        0.6956,
        0.8107,
        0.8138,
        0.8091,
        0.8005,
        0.7863,
        1.0,
        0.8042
      ],
      [
        0.7316,
        0.8371,
        0.8393,
        0.8353,
        0.8296,
        0.8209,
        0.8042,
        1.0
      ]
    ],
    "spearman": [
      [
        1.0,
        0.5602,
        0.5547,
        0.5582,
        0.5613,
        0.5638,
        0.5656,
        0.5648
      ],
      [
        0.5602,
        1.0,
        0.7441,
        0.7313,
        0.7227,
        0.7163,
        0.7111,
        0.706
      ],
      [
        0.5547,
        0.7441,
        1.0,
        0.7892,
        0.7772,
        0.7665,
        0.7595,
        0.7503
      ],
      [
        0.5582,
        0.7313,
        0.7892,
        1.0,
        0.8172,
        0.8057,
        0.7962,
        0.7854
      ],
      [
        0.5613,
        0.7227,
        0.7772,
        0.8172,
        1.0,
        0.8356,
        0.8257,
        0.8144
      ],
      [
        0.5638,
        0.7163,
        0.7665,
        0.8057,
        0.8356,
        1.0,
        0.8516,
        0.8407
      ],
      [
        0.5656,
        0.7111,
        0.7595,
        0.7962,
        0.8257,
        0.8516,
        1.0,
        0.86
      ],
      [
        0.5648,
        0.706,
        0.7503,
        0.7854,
        0.8144,
        0.8407,
        0.86,
        1.0
      ]
    ],
    "nestedness_excess": [
      [
        0.0,
        0.2947,
        0.3599,
        0.4074,
        0.4404,
        0.4635,
        0.4768,
        0.4816
      ],
      [
        0.2947,
        0.0,
        0.5339,
        0.5652,
        0.5839,
        0.591,
        0.5919,
        0.5871
      ],
      [
        0.3599,
        0.5339,
        0.0,
        0.5639,
        0.5854,
        0.5931,
        0.595,
        0.5893
      ],
      [
        0.4074,
        0.5652,
        0.5639,
        0.0,
        0.5729,
        0.587,
        0.5904,
        0.5853
      ],
      [
        0.4404,
        0.5839,
        0.5854,
        0.5729,
        0.0,
        0.5726,
        0.5817,
        0.5796
      ],
      [
        0.4635,
        0.591,
        0.5931,
        0.587,
        0.5726,
        0.0,
        0.5675,
        0.5709
      ],
      [
        0.4768,
        0.5919,
        0.595,
        0.5904,
        0.5817,
        0.5675,
        0.0,
        0.5542
      ],
      [
        0.4816,
        0.5871,
        0.5893,
        0.5853,
        0.5796,
        0.5709,
        0.5542,
        0.0
      ]
    ],
    "mismatch_delta": [
      [
        0.0,
        -0.0049,
        0.0377,
        0.0866,
        0.141,
        0.199,
        0.2499,
        0.2996
      ],
      [
        0.2619,
        0.0,
        -0.0119,
        0.0008,
        0.03,
        0.0754,
        0.1251,
        0.1781
      ],
      [
        0.5371,
        0.0457,
        0.0,
        -0.0077,
        0.0004,
        0.0167,
        0.0421,
        0.0747
      ],
      [
        0.89,
        0.1232,
        0.0233,
        0.0,
        -0.005,
        -0.0018,
        0.0087,
        0.0262
      ],
      [
        1.0692,
        0.1729,
        0.0451,
        0.0135,
        0.0,
        -0.003,
        0.0007,
        0.0074
      ],
      [
        1.2434,
        0.2407,
        0.0721,
        0.0264,
        0.0088,
        0.0,
        -0.0024,
        -0.0007
      ],
      [
        1.3765,
        0.2841,
        0.0929,
        0.0354,
        0.0147,
        0.0047,
        0.0,
        -0.0019
      ],
      [
        1.5073,
        0.3626,
        0.1288,
        0.0566,
        0.0291,
        0.0158,
        0.006,
        0.0
      ]
    ],
    "asymmetry": [
      [
        0.0,
        -0.2668,
        -0.4994,
        -0.8034,
        -0.9282,
        -1.0444,
        -1.1266,
        -1.2077
      ],
      [
        0.2668,
        0.0,
        -0.0576,
        -0.1224,
        -0.1429,
        -0.1653,
        -0.159,
        -0.1845
      ],
      [
        0.4994,
        0.0576,
        0.0,
        -0.031,
        -0.0447,
        -0.0554,
        -0.0508,
        -0.0541
      ],
      [
        0.8034,
        0.1224,
        0.031,
        0.0,
        -0.0185,
        -0.0282,
        -0.0267,
        -0.0304
      ],
      [
        0.9282,
        0.1429,
        0.0447,
        0.0185,
        0.0,
        -0.0118,
        -0.014,
        -0.0217
      ],
      [
        1.0444,
        0.1653,
        0.0554,
        0.0282,
        0.0118,
        0.0,
        -0.0071,
        -0.0165
      ],
      [
        1.1266,
        0.159,
        0.0508,
        0.0267,
        0.014,
        0.0071,
        0.0,
        -0.0079
      ],
      [
        1.2077,
        0.1845,
        0.0541,
        0.0304,
        0.0217,
        0.0165,
        0.0079,
        0.0
      ]
    ]
  },
  "same_compute": {
    "top1_agreement": [
      [
        1.0,
        0.1511,
        0.1569,
        0.159,
        0.1608,
        0.1627,
        0.1624,
        0.1633
      ],
      [
        0.1511,
        1.0,
        0.4446,
        0.4256,
        0.4158,
        0.4086,
        0.4018,
        0.4002
      ],
      [
        0.1569,
        0.4446,
        1.0,
        0.5274,
        0.5094,
        0.4922,
        0.4842,
        0.4754
      ],
      [
        0.159,
        0.4256,
        0.5274,
        1.0,
        0.5834,
        0.5616,
        0.5467,
        0.5333
      ],
      [
        0.1608,
        0.4158,
        0.5094,
        0.5834,
        1.0,
        0.6295,
        0.6093,
        0.5912
      ],
      [
        0.1627,
        0.4086,
        0.4922,
        0.5616,
        0.6295,
        1.0,
        0.6603,
        0.6446
      ],
      [
        0.1624,
        0.4018,
        0.4842,
        0.5467,
        0.6093,
        0.6603,
        1.0,
        0.695
      ],
      [
        0.1633,
        0.4002,
        0.4754,
        0.5333,
        0.5912,
        0.6446,
        0.695,
        1.0
      ]
    ],
    "nestedness": [
      [
        1.0,
        0.2505,
        0.3436,
        0.419,
        0.4824,
        0.5393,
        0.5885,
        0.6345
      ],
      [
        0.2505,
        1.0,
        0.5841,
        0.6545,
        0.7112,
        0.754,
        0.7898,
        0.8213
      ],
      [
        0.3436,
        0.5841,
        1.0,
        0.672,
        0.7326,
        0.7732,
        0.8102,
        0.8395
      ],
      [
        0.419,
        0.6545,
        0.672,
        1.0,
        0.7325,
        0.7793,
        0.8144,
        0.8435
      ],
      [
        0.4824,
        0.7112,
        0.7326,
        0.7325,
        1.0,
        0.7766,
        0.8169,
        0.8481
      ],
      [
        0.5393,
        0.754,
        0.7732,
        0.7793,
        0.7766,
        1.0,
        0.8086,
        0.8454
      ],
      [
        0.5885,
        0.7898,
        0.8102,
        0.8144,
        0.8169,
        0.8086,
        1.0,
        0.8379
      ],
      [
        0.6345,
        0.8213,
        0.8395,
        0.8435,
        0.8481,
        0.8454,
        0.8379,
        1.0
      ]
    ],
    "spearman": [
      [
        1.0,
        0.4126,
        0.4271,
        0.4385,
        0.4452,
        0.4506,
        0.4528,
        0.4569
      ],
      [
        0.4126,
        1.0,
        0.6948,
        0.6892,
        0.6862,
        0.6814,
        0.6772,
        0.6758
      ],
      [
        0.4271,
        0.6948,
        1.0,
        0.7727,
        0.7661,
        0.7567,
        0.7509,
        0.7462
      ],
      [
        0.4385,
        0.6892,
        0.7727,
        1.0,
        0.8202,
        0.81,
        0.8005,
        0.7936
      ],
      [
        0.4452,
        0.6862,
        0.7661,
        0.8202,
        1.0,
        0.8509,
        0.8412,
        0.8339
      ],
      [
        0.4506,
        0.6814,
        0.7567,
        0.81,
        0.8509,
        1.0,
        0.8716,
        0.8654
      ],
      [
        0.4528,
        0.6772,
        0.7509,
        0.8005,
        0.8412,
        0.8716,
        1.0,
        0.8916
      ],
      [
        0.4569,
        0.6758,
        0.7462,
        0.7936,
        0.8339,
        0.8654,
        0.8916,
        1.0
      ]
    ],
    "nestedness_excess": [
      [
        0.0,
        0.188,
        0.2499,
        0.294,
        0.3261,
        0.3518,
        0.3698,
        0.3845
      ],
      [
        0.188,
        0.0,
        0.4903,
        0.5295,
        0.555,
        0.5665,
        0.571,
        0.5713
      ],
      [
        0.2499,
        0.4903,
        0.0,
        0.547,
        0.5764,
        0.5857,
        0.5915,
        0.5895
      ],
      [
        0.294,
        0.5295,
        0.547,
        0.0,
        0.5763,
        0.5918,
        0.5957,
        0.5935
      ],
      [
        0.3261,
        0.555,
        0.5764,
        0.5763,
        0.0,
        0.5891,
        0.5981,
        0.5981
      ],
      [
        0.3518,
        0.5665,
        0.5857,
        0.5918,
        0.5891,
        0.0,
        0.5898,
        0.5954
      ],
      [
        0.3698,
        0.571,
        0.5915,
        0.5957,
        0.5981,
        0.5898,
        0.0,
        0.5879
      ],
      [
        0.3845,
        0.5713,
        0.5895,
        0.5935,
        0.5981,
        0.5954,
        0.5879,
        0.0
      ]
    ],
    "mismatch_delta": [
      [
        0.0,
        -0.0117,
        -0.0022,
        0.0192,
        0.0458,
        0.0724,
        0.0976,
        0.1243
      ],
      [
        0.226,
        0.0,
        -0.0124,
        -0.0051,
        0.0103,
        0.0328,
        0.0612,
        0.0932
      ],
      [
        0.5372,
        0.0488,
        0.0,
        -0.0077,
        -0.0041,
        0.01,
        0.0308,
        0.0577
      ],
      [
        0.89,
        0.1232,
        0.0233,
        0.0,
        -0.005,
        -0.0018,
        0.0087,
        0.0262
      ],
      [
        1.1228,
        0.2017,
        0.0548,
        0.0161,
        0.0,
        -0.004,
        -0.0024,
        0.0042
      ],
      [
        1.3385,
        0.2885,
        0.0979,
        0.0351,
        0.0114,
        0.0,
        -0.0039,
        -0.0018
      ],
      [
        1.5175,
        0.3694,
        0.1321,
        0.0559,
        0.0236,
        0.0084,
        0.0,
        -0.0014
      ],
      [
        1.6131,
        0.4229,
        0.157,
        0.0756,
        0.0401,
        0.0195,
        0.007,
        0.0
      ]
    ],
    "asymmetry": [
      [
        0.0,
        -0.2377,
        -0.5394,
        -0.8708,
        -1.077,
        -1.2661,
        -1.4199,
        -1.4888
      ],
      [
        0.2377,
        0.0,
        -0.0612,
        -0.1283,
        -0.1914,
        -0.2557,
        -0.3082,
        -0.3297
      ],
      [
        0.5394,
        0.0612,
        0.0,
        -0.031,
        -0.0589,
        -0.0879,
        -0.1013,
        -0.0993
      ],
      [
        0.8708,
        0.1283,
        0.031,
        0.0,
        -0.0211,
        -0.0369,
        -0.0472,
        -0.0494
      ],
      [
        1.077,
        0.1914,
        0.0589,
        0.0211,
        0.0,
        -0.0154,
        -0.026,
        -0.0359
      ],
      [
        1.2661,
        0.2557,
        0.0879,
        0.0369,
        0.0154,
        0.0,
        -0.0123,
        -0.0213
      ],
      [
        1.4199,
        0.3082,
        0.1013,
        0.0472,
        0.026,
        0.0123,
        0.0,
        -0.0084
      ],
      [
        1.4888,
        0.3297,
        0.0993,
        0.0494,
        0.0359,
        0.0213,
        0.0084,
        0.0
      ]
    ]
  }
}</script>
  <script>
    const DATA = JSON.parse(document.getElementById('heatmap-data').textContent);
    const LABELS = DATA.labels;

    const HEATMAP_SPECS = [
      {
        id: 'hm-mismatch', title: 'Mismatch Δloss (8×8)',
        key: 'mismatch_delta', colorscale: 'RdBu', reversescale: true, zmid: 0,
        fmt: '.3f', symmetric: true,
        desc: '행=train_k, 열=infer_k. 대각선=0(matched). 빨강=불일치로 loss 증가.',
        guide: ['<strong>왼쪽 열(hi→lo)</strong> 전체가 짙은 빨강 — k=8→1: +1.507', '오른쪽 열(lo→hi)은 상대적으로 약함', '두 budget에서 동일한 비대칭 패턴'],
        keyCells: [['8','1','+1.507','+1.613'],['4','1','+0.890','+1.123'],['1','8','+0.300','+0.124']]
      },
      {
        id: 'hm-asymmetry', title: 'Directional Asymmetry δ(hi→lo)−δ(lo→hi)',
        key: 'asymmetry', colorscale: 'RdBu', reversescale: true, zmid: 0,
        fmt: '.2f', symmetric: true,
        desc: '양수(빨강)=hi→lo가 더 비싸다. k=8↔1 쌍이 최대.',
        guide: ['8/8 seeds unanimity (gap≥2)', 'gap=7 asymmetry: fixed 1.21, same-compute 1.49', '95% CI가 gap=7에서 linear extrapolation 초과'],
        keyCells: [['8','1','+1.51','+1.61'],['7','1','+1.38','+1.52'],['2','1','+0.22','+0.19']]
      },
      {
        id: 'hm-top1', title: 'Top-1 Expert Agreement',
        key: 'top1_agreement', colorscale: 'Blues', zmin: 0, zmax: 1,
        fmt: '.3f', symmetric: false,
        desc: 'same-seed, different-k 모델 간 top-1 expert 일치율. random=0.031, oracle=1.0.',
        guide: ['하단 우측(high-k 간) 진함 — 7-8 pair ~0.65', 'k=1 관련 행/열 옅음 — ~0.23 (random의 7×)', '인접 k일수록 agreement ↑'],
        keyCells: [['7','8','0.645','0.695'],['1','8','0.231','0.163'],['4','8','0.526','0.533']]
      },
      {
        id: 'hm-nestedness', title: 'Nestedness (Overlap Recall)',
        key: 'nestedness', colorscale: 'YlGnBu', zmin: 0, zmax: 1,
        fmt: '.3f', symmetric: false,
        desc: 'smaller-k expert가 larger-k set에 포함되는 per-token recall. random baseline = max(k)/32.',
        guide: ['k=1-8 pair: 0.73 (random 0.25 대비 +0.48)', 'nestedness excess 0.19–0.59 — cardinality 이상의 구조', 'routing alignment와 mismatch cost 음의 상관 (−0.79)'],
        keyCells: [['1','8','0.732','0.635'],['4','8','0.835','0.844'],['7','8','0.804','0.838']]
      },
      {
        id: 'hm-spearman', title: 'Spearman (Gate Logit Ranking)',
        key: 'spearman', colorscale: 'PuRd', zmin: 0, zmax: 1,
        fmt: '.3f', symmetric: false,
        desc: 'router gate logit ranking 상관. random=0, oracle cutoff=1.0.',
        guide: ['인접 k pair (7-8): ~0.86 — ranking 거의 보존', 'k=1 관련: ~0.56 — logit ordering 분기', 'top1보다 ranking correlation이 더 높음'],
        keyCells: [['7','8','0.860','0.875'],['1','2','0.560','0.485'],['4','5','0.817','0.812']]
      },
      {
        id: 'hm-excess', title: 'Nestedness Excess (obs − max k/32)',
        key: 'nestedness_excess', colorscale: 'Oranges', zmin: 0,
        fmt: '.3f', symmetric: false,
        desc: 'uniform random baseline 대비 초과 nestedness. cardinality 효과 제거 후 구조 신호.',
        guide: ['1-8 excess: +0.48 (fixed), +0.39 (same-compute)', '4-8 excess: +0.59 — 가장 큰 구조적 divergence', 'Claim B 핵심: 차이가 cardinality만이 아님'],
        keyCells: [['4','8','+0.585','+0.594'],['1','4','+0.407','+0.294'],['1','2','+0.295','+0.188']]
      },
    ];

    function matrixText(z, fmt) {
      const dec = (fmt.match(/\.(\d)/) || [, '3'])[1];
      return z.map(row => row.map(v => v == null ? '' : Number(v).toFixed(Number(dec))));
    }

    function plotHeatmap(divId, z, spec, budgetLabel) {
      const layout = {
        title: { text: budgetLabel, font: { size: 13 } },
        xaxis: { title: 'train_k (B)', tickvals: [0,1,2,3,4,5,6,7], ticktext: LABELS, side: 'bottom' },
        yaxis: { title: 'train_k (A)', tickvals: [0,1,2,3,4,5,6,7], ticktext: LABELS, autorange: 'reversed' },
        margin: { l: 70, r: 30, t: 40, b: 70 },
        paper_bgcolor: '#fff', plot_bgcolor: '#fff',
        height: 460,
      };
      const trace = {
        z, x: LABELS, y: LABELS, type: 'heatmap',
        colorscale: spec.colorscale,
        reversescale: spec.reversescale || false,
        zmid: spec.zmid,
        zmin: spec.zmin,
        zmax: spec.zmax,
        text: matrixText(z, spec.fmt),
        texttemplate: '%{text}',
        textfont: { size: 10, color: '#222' },
        hovertemplate: 'k_a=%{y}<br>k_b=%{x}<br>value=%{z:.4f}<extra></extra>',
        showscale: true,
      };
      Plotly.newPlot(divId, [trace], layout, { responsive: true, displayModeBar: false });
    }

    function renderSections() {
      const container = document.getElementById('heatmap-sections');
      HEATMAP_SPECS.forEach(spec => {
        const block = document.createElement('div');
        block.className = 'heatmap-block';
        block.id = spec.id;
        let keyRows = spec.keyCells.map(([a,b,fs,mc]) =>
          `<tr><td>k=${a} vs k=${b}</td><td class="num">${fs}</td><td class="num">${mc}</td></tr>`
        ).join('');
        block.innerHTML = `
          <h3>${spec.title}</h3>
          <p class="desc">${spec.desc}</p>
          <div class="heatmap-row">
            <div><div class="plot-label">Fixed-step</div><div class="plot-box" id="plot-${spec.id}-fs"></div></div>
            <div><div class="plot-label">Same-compute</div><div class="plot-box" id="plot-${spec.id}-mc"></div></div>
          </div>
          <div class="guide"><strong>읽는 법</strong><ul>${spec.guide.map(g=>'<li>'+g+'</li>').join('')}</ul></div>
          <table><tr><th>Key pair</th><th class="num">Fixed-step</th><th class="num">Same-compute</th></tr>${keyRows}</table>
        `;
        container.appendChild(block);
        plotHeatmap(`plot-${spec.id}-fs`, DATA.fixed_step[spec.key], spec, 'Fixed-step 8-seed');
        plotHeatmap(`plot-${spec.id}-mc`, DATA.same_compute[spec.key], spec, 'Same-compute 8-seed');
      });
    }

    function openLightbox(src) {
      document.getElementById('lightbox-img').src = src;
      document.getElementById('lightbox').classList.add('open');
    }
    function closeLightbox() {
      document.getElementById('lightbox').classList.remove('open');
    }
    document.addEventListener('keydown', e => { if (e.key === 'Escape') closeLightbox(); });

    // sidebar active link
    const navLinks = document.querySelectorAll('nav a');
    const observer = new IntersectionObserver(entries => {
      entries.forEach(e => {
        if (e.isIntersecting) {
          navLinks.forEach(a => a.classList.toggle('active', a.getAttribute('href') === '#' + e.target.id));
        }
      });
    }, { rootMargin: '-30% 0px -60% 0px' });
    document.querySelectorAll('section[id], .heatmap-block[id]').forEach(el => observer.observe(el));

    renderSections();
  </script>
</body>
</html>